aa <-
structure(c(4L, 24L, 100L, 294L, 583L, 1056L, 1840L, 2799L, 3810L, 
5400L, 6974L, 8890L, 10893L, 12996L, 15016L, 17363L, 19977L, 
22003L, 24122L, 26185L, 28229L, 30072L, 31748L, 33659L, 34911L, 
36231L, 37744L, 38266L, 39459L, 39974L, 40200L, 41269L, 41503L, 
41619L, 41846L, 41949L, 41649L, 41961L, 41296L, 40882L, 40574L, 
40395L, 39747L, 39828L, 38907L, 38512L, 37647L, 37238L, 36722L, 
35804L, 34976L, 34455L, 33893L, 33328L, 32051L, 31714L, 31183L, 
30321L, 29938L, 29119L, 28375L, 27873L, 27509L, 26935L, 25945L, 
25512L, 24798L, 24411L, 23670L, 23272L, 22778L, 22320L, 21673L, 
21134L, 20626L, 20054L, 19556L, 19064L, 18914L, 18622L, 18078L, 
17421L, 17403L, 16570L, 16562L, 16268L, 15693L, 15372L, 14976L, 
14596L, 14127L, 13860L, 13885L, 13225L, 13061L, 12859L, 12406L, 
12349L, 11891L, 11393L, 11395L, 11023L, 11035L, 10703L, 10258L, 
10320L, 10009L, 9886L, 9614L, 9370L, 9155L, 9062L, 8760L, 8630L, 
8590L, 8263L, 8287L, 7889L, 7720L, 7628L, 7399L, 7417L, 7249L, 
6803L, 6718L, 6683L, 6495L, 6568L, 6455L, 6040L, 5945L, 5913L, 
5821L, 5702L, 5477L, 5415L, 5354L, 5175L, 5152L, 5065L, 4947L, 
4822L, 4736L, 4506L, 4530L, 4458L, 4448L, 4229L, 4143L, 4165L, 
4032L, 4022L, 3877L, 3794L, 3737L, 3674L, 3598L, 3609L, 3522L, 
3521L, 3456L, 3301L, 3285L, 3123L, 3167L, 3070L, 3001L, 3013L, 
2884L, 2845L, 2805L, 2783L, 2704L, 2593L, 2734L, 2540L, 2516L, 
2418L, 2546L, 2471L, 2304L, 2276L, 2341L, 2137L, 2188L, 2132L, 
2131L, 2078L, 2080L, 2082L, 1955L, 1993L, 1874L, 1912L, 1903L, 
1853L, 1758L, 1731L, 1729L, 1702L, 1612L, 1616L, 1587L, 1577L, 
1567L, 1549L, 1448L, 1495L, 1481L, 1431L, 1401L, 1349L, 1352L, 
1405L, 1318L, 1283L, 1329L, 1252L, 1238L, 1236L, 1188L, 1199L, 
1218L, 1159L, 1137L, 1124L, 1098L, 1087L, 1055L, 1083L, 1034L, 
1082L, 1016L, 1000L, 992L, 1014L, 957L, 940L, 959L, 871L, 894L, 
941L, 863L, 854L, 882L, 875L, 833L, 846L, 850L, 814L, 821L, 793L, 
861L, 744L, 714L, 737L, 703L, 690L, 693L, 678L, 721L, 687L, 672L, 
701L, 699L, 623L, 620L, 651L, 589L, 657L, 625L, 628L, 649L, 601L, 
576L, 552L, 545L, 564L, 576L, 582L, 544L, 526L, 504L, 522L, 502L, 
493L, 515L, 498L, 443L, 493L, 491L, 454L, 437L, 479L, 433L, 439L, 
500L, 420L, 416L, 426L, 466L, 405L, 435L, 375L, 428L, 427L, 368L, 
368L, 364L, 385L, 395L, 321L, 381L, 400L, 365L, 401L, 367L, 347L, 
356L, 321L, 328L, 371L, 331L, 332L, 337L, 355L, 309L, 304L, 316L, 
325L, 306L, 296L, 269L, 301L, 320L, 289L, 314L, 283L, 288L, 255L, 
256L, 274L, 280L, 255L, 282L, 267L, 266L, 276L, 283L, 231L, 254L, 
252L, 228L, 243L, 215L, 198L, 236L, 240L, 228L, 221L, 210L, 197L, 
213L, 217L, 215L, 224L, 204L, 201L, 222L, 216L, 188L, 222L, 210L, 
213L, 179L, 168L, 188L, 213L, 167L, 183L, 214L, 169L, 179L, 184L, 
172L, 179L, 170L, 191L, 171L, 174L, 162L, 157L, 163L, 169L, 147L, 
156L, 153L, 166L, 147L, 153L, 156L, 173L, 141L, 127L, 146L, 135L, 
150L, 136L, 149L, 179L, 143L, 137L, 147L, 152L, 126L, 145L, 107L, 
142L, 141L, 131L, 128L, 141L, 127L, 144L, 146L, 142L, 128L, 144L, 
125L, 135L, 125L, 107L, 127L, 130L, 117L, 138L, 138L, 118L, 114L, 
129L, 129L, 120L, 111L, 122L, 129L, 130L, 120L, 144L, 110L, 117L, 
119L, 115L, 114L, 100L, 103L, 116L, 108L, 97L, 114L, 122L, 119L, 
121L, 108L, 92L, 141L, 104L, 103L, 111L, 104L, 110L, 108L, 90L, 
117L, 112L, 95L, 89L, 103L, 101L, 96L, 97L, 110L, 112L, 84L, 
99L, 101L, 87L, 101L, 83L, 89L, 113L, 80L, 91L, 80L, 81L, 90L, 
82L, 84L, 65L, 84L, 71L, 90L, 84L, 97L, 88L, 79L, 94L, 82L, 74L, 
81L, 85L, 86L, 88L, 58L, 74L, 66L, 81L, 72L, 85L, 88L, 76L, 89L, 
76L, 76L, 79L, 75L, 74L, 63L, 75L, 67L, 90L, 79L, 87L, 92L, 69L, 
82L, 68L, 67L, 88L, 82L, 64L, 66L, 73L, 55L, 68L, 64L, 73L, 60L, 
77L, 83L, 58L, 67L, 62L, 69L, 62L, 67L, 59L, 57L, 56L, 64L, 60L, 
46L, 48L, 57L, 67L, 56L, 61L, 49L, 37L, 46L, 36L, 55L, 33L, 50L, 
50L, 46L, 50L, 32L, 48L, 39L, 45L, 45L, 56L, 36L, 35L, 42L, 36L, 
47L, 50L, 44L, 38L, 43L, 29L, 38L, 44L, 41L, 32L, 38L, 34L, 48L, 
34L, 32L, 34L, 27L, 29L, 32L, 33L, 35L, 33L, 26L, 31L, 26L, 35L, 
35L, 30L, 37L, 27L, 29L, 31L, 36L, 25L, 30L, 34L, 25L, 29L, 28L, 
27L, 28L, 32L, 34L, 35L, 30L, 21L, 38L, 26L, 22L, 34L, 27L, 20L, 
22L, 28L, 15L, 14L, 13L, 19L, 18L, 19L, 12L, 18L, 13L, 16L, 29L, 
21L, 24L, 27L),