list(sigma=4.94530E-01, p0=3.85694E-02, z=c(1.00000E+00, 1.00000E+00, 1.00000E+00, 1.00000E+00, 1.00000E+00, 1.00000E+00, 1.00000E+00, 1.00000E+00, 1.00000E+00, 1.00000E+00, 1.00000E+00, 1.00000E+00, 1.00000E+00, 1.00000E+00, 1.00000E+00, 1.00000E+00, 1.00000E+00, 1.00000E+00, 1.00000E+00, 1.00000E+00, 1.00000E+00, 0.00000E+00, 0.00000E+00, 0.00000E+00, 0.00000E+00, 0.00000E+00, 0.00000E+00, 0.00000E+00, 0.00000E+00, 0.00000E+00, 0.00000E+00, 0.00000E+00, 0.00000E+00, 0.00000E+00, 0.00000E+00, 0.00000E+00, 0.00000E+00, 0.00000E+00, 0.00000E+00, 0.00000E+00, 0.00000E+00, 0.00000E+00, 0.00000E+00, 0.00000E+00, 0.00000E+00, 0.00000E+00, 0.00000E+00, 0.00000E+00, 0.00000E+00, 0.00000E+00, 0.00000E+00, 0.00000E+00, 0.00000E+00, 0.00000E+00, 0.00000E+00, 0.00000E+00, 0.00000E+00, 0.00000E+00, 0.00000E+00, 0.00000E+00, 0.00000E+00, 0.00000E+00, 0.00000E+00, 0.00000E+00, 0.00000E+00, 0.00000E+00, 0.00000E+00, 0.00000E+00, 0.00000E+00, 0.00000E+00, 0.00000E+00, 0.00000E+00, 0.00000E+00, 0.00000E+00, 0.00000E+00, 0.00000E+00, 0.00000E+00, 0.00000E+00, 0.00000E+00, 0.00000E+00, 0.00000E+00, 0.00000E+00, 0.00000E+00, 0.00000E+00, 0.00000E+00, 0.00000E+00, 0.00000E+00, 0.00000E+00, 0.00000E+00, 0.00000E+00, 0.00000E+00, 0.00000E+00, 0.00000E+00, 0.00000E+00, 0.00000E+00, 0.00000E+00, 0.00000E+00, 0.00000E+00, 0.00000E+00, 0.00000E+00), s= structure(.Data= c(4.24480E+00, 3.89820E+00, 3.99958E+00, 2.60925E+00, 4.30633E+00, 2.40575E+00, 2.45800E+00, 6.50070E+00, 4.56950E+00, 1.70380E+00, 9.21500E-01, 5.24390E+00, 5.29730E+00, 8.43900E-01, 5.47535E+00, 4.24600E-01, 3.90750E-01, 4.66675E+00, 3.66830E+00, 3.28800E+00, 8.16200E-01, 4.82805E+00, 4.50705E+00, 3.21240E+00, 4.38815E+00, 3.04150E+00, 5.07110E+00, 8.49200E-01, 3.65600E-01, 4.76787E+00, 4.24480E+00, 3.89820E+00, 3.71054E+00, 2.58976E+00, 3.73813E+00, 2.01927E+00, 5.82600E-01, 3.84180E+00, 4.50705E+00, 3.21240E+00, 3.32837E+00, 3.42123E+00, 5.19488E-01, -8.50939E-01, 5.45213E-01, 1.73717E+00, 3.46118E+00, 4.34516E+00, 4.85870E+00, 1.72867E+00, -9.81663E-03, 6.06293E+00, 6.26164E-01, 3.30264E+00, 1.38641E+00, 1.71707E+00, 1.54162E+00, -6.24226E-02, 6.04277E+00, 3.03170E+00, 2.57911E+00, 3.45133E+00, 2.46373E+00, 1.81245E+00, -2.28613E-01, 4.17983E+00, 2.43982E+00, 5.37159E+00, 5.58461E+00, -6.08185E-01, 2.13677E+00, -3.58236E-01, 8.19073E-01, 4.91622E+00, 1.77369E+00, 2.91237E+00, 5.18393E+00, -1.26984E-01, 4.15092E-01, -4.53620E-01, 5.81358E+00, 3.11366E+00, 4.78248E+00, 6.64760E+00, 1.10253E+00, 1.73923E+00, 1.09978E+00, 5.11517E+00, 2.59134E+00, 5.37698E+00, -9.69114E-01, 4.76474E-01, 2.55441E+00, 3.77830E+00, -2.58166E-01, -8.55765E-01, 4.88690E+00, 3.00834E+00, 6.13109E+00, 3.95712E+00, 6.10003E+00, 5.69735E+00, -8.03845E-01, 1.38903E+00, 4.16954E+00, -1.02638E-01, -5.91460E-01, 6.86629E+00, -4.93772E-01, 3.55930E+00, 3.68485E+00, 7.22124E+00, 7.29098E-01, 1.90868E+00, -8.20909E-01, 5.39180E-01, 1.29453E+00, 1.77004E+00, 7.13567E-01, 9.21728E-01, 3.37974E+00, 5.11597E+00, 5.19910E+00, 3.09655E+00, 4.73601E+00, 4.05329E+00, 6.81448E+00, 4.54709E+00, 3.89345E+00, -3.53385E-01, 6.45151E+00, 6.95439E+00, 2.95271E+00, 4.90072E+00, 2.11488E+00, 1.13684E+00, -1.42879E-01, -7.57441E-01, 4.44285E+00, 6.07938E+00, 4.54729E+00, 6.19246E+00, 5.39733E+00, 4.62334E+00, 4.38932E+00, 4.34386E+00, 3.12160E+00, 1.64834E+00, 1.69146E+00, 4.74195E+00, 6.42475E+00, 5.06317E+00, 3.87851E+00, 9.55678E-02, 5.00071E+00, 2.48511E+00, 4.02034E+00, 1.25780E+00, 6.19382E+00, 1.08372E-01, 6.03716E+00, -7.28654E-01, 3.27804E+00, 4.80659E-01, 1.54224E-01, 8.64835E-01, -1.22979E-01, 3.75931E-01, 2.73025E+00, 4.38081E+00, -7.50390E-01, 3.49676E+00, 3.03062E+00, 2.39996E+00, 2.05333E+00, 6.54423E+00, 3.84703E+00, 3.04851E+00, 4.87000E+00, 1.22866E+00, -2.83826E-02, 4.09574E+00, 3.56088E+00, -4.11707E-01, 7.64910E-01, 4.01009E+00, 6.48921E+00, 8.26317E-01, 5.00497E-01, 1.10908E-01, 3.47787E+00, 2.56140E+00, 5.91513E+00, 4.45672E+00, 5.47526E+00, 6.12726E+00, 9.65471E-01, 2.84510E+00, 4.46999E-01, 4.85806E+00), .Dim=c(100, 2)))
