line1 <-
structure(list(x = c(0.139453125, 0.315234375, 0.4734375, 0.64921875, 
0.76640625, 0.866015625, 1.006640625, 1.100390625, 1.217578125, 
1.340625, 1.46953125, 1.639453125, 1.70390625, 1.79765625, 1.903125, 
1.932421875, 1.932421875, 1.932421875, 1.95, 2.026171875, 2.1609375, 
2.272265625, 2.36015625, 2.5125, 2.600390625, 2.75859375, 2.840625, 
2.87578125, 2.79375, 2.68828125, 2.47734375, 2.36015625, 2.184375, 
2.073046875, 1.897265625, 1.75078125, 1.569140625, 1.4578125, 
1.264453125, 1.28203125, 1.440234375, 1.5984375, 1.84453125, 
1.932421875, 2.014453125, 2.073046875, 2.1375, 2.190234375, 2.325, 
2.45390625), y = c(3.16135609677158, 3.32738894732584, 3.49342179788009, 
3.68567036167975, 3.73810178817056, 3.77305607249777, 3.77305607249777, 
3.73810178817056, 3.67693179059794, 3.61576179302533, 3.5371146532891, 
3.40603608706206, 3.35360466057124, 3.26621894975322, 3.02153895946274, 
2.86424467999029, 2.75064325592685, 2.60208754753621, 2.51470183671818, 
2.46227041022736, 2.40110041265475, 2.39236184157294, 2.38362327049114, 
2.37488469940934, 2.35740755724573, 2.2612832753459, 2.07777328262804, 
1.85057043450117, 1.72823043935593, 1.64084472853791, 1.58841330204709, 
1.6233675863743, 1.6321061574561, 1.64084472853791, 1.6146290152925, 
1.58841330204709, 1.57093615988349, 1.54472044663808, 1.43985759365644, 
1.34373331175661, 1.26508617202039, 1.24760902985678, 1.22139331661138, 
1.16896189012056, 1.08157617930253, 1.02040618172991, 0.915543328748281, 
0.836896189012056, 0.714556193866818, 0.583477627639777)), .Names = c("x", 
"y"))
